# Episode 1
[1,16], [2,15], [3,14], [4,13], [5,12], [6,11], [7,10], [8,9], [9,8], [10,8], [11,7], [11,6], [11,5], [12,4], [13,3], [14,2], [15,1], [16,0], [17,1], [18,0], [19,1], [20,1], [21,1], [22,1], [23,1], [24,1], [25,1], [26,1], [27,1], [28,2], [29,3], [29,4], [28,3], [29,2], [30,3], [30,4], [1,16], 
# Episode 2
[1,16], [2,15], [3,14], [4,13], [5,12], [6,11], [7,10], [8,9], [9,8], [10,8], [11,7], [11,6], [11,5], [12,4], [13,3], [14,2], [15,1], [16,0], [17,1], [18,0], [19,1], [20,1], [21,1], [22,1], [23,1], [24,1], [25,1], [26,1], [27,1], [28,2], [29,3], [29,4], [28,3], [29,2], [30,3], [30,4], [1,16], 
# Episode 3
[1,16], [2,15], [3,14], [4,13], [5,12], [6,11], [7,10], [8,9], [9,8], [10,8], [11,7], [11,6], [11,5], [12,4], [13,3], [14,2], [15,1], [16,0], [17,1], [18,0], [19,1], [20,1], [21,1], [22,1], [23,1], [24,1], [25,1], [26,1], [27,1], [28,2], [29,3], [29,4], [28,3], [29,2], [30,3], [30,4], [1,16], 
# Episode 4
[1,16], [2,15], [3,14], [4,13], [5,12], [6,11], [7,10], [8,9], [9,8], [10,8], [11,7], [11,6], [11,5], [12,4], [13,3], [14,2], [15,1], [16,0], [17,1], [18,0], [19,1], [20,1], [21,1], [22,1], [23,1], [24,1], [25,1], [26,1], [27,1], [28,2], [29,3], [29,4], [28,3], [29,2], [30,3], [30,4], [1,16], 
# Episode 5
[1,16], [2,15], [3,14], [4,13], [5,12], [6,11], [7,10], [8,9], [9,8], [10,8], [11,7], [11,6], [11,5], [12,4], [13,3], [14,2], [15,1], [16,0], [17,1], [18,0], [19,1], [20,1], [21,1], [22,1], [23,1], [24,1], [25,1], [26,1], [27,1], [28,2], [29,3], [29,4], [28,3], [29,2], [30,3], [30,4], [1,16], 
# Episode 6
[1,16], [2,15], [3,14], [4,13], [5,12], [6,11], [7,10], [8,9], [9,8], [10,8], [11,7], [11,6], [11,5], [12,4], [13,3], [14,2], [15,1], [16,0], [17,1], [18,0], [19,1], [20,1], [21,1], [22,1], [23,1], [24,1], [25,1], [26,1], [27,1], [28,2], [29,3], [29,4], [28,3], [29,2], [30,3], [30,4], [1,16], 
# Episode 7
[1,16], [2,15], [3,14], [4,13], [5,12], [6,11], [7,10], [8,9], [9,8], [10,8], [11,7], [12,7], [13,6], [14,5], [15,4], [16,3], [17,2], [17,1], [18,0], [19,1], [20,1], [21,1], [22,1], [23,1], [24,1], [25,1], [26,1], [27,1], [28,2], [29,3], [29,4], [28,3], [29,2], [30,3], [30,4], [1,16], 
# Episode 8
[1,16], [2,15], [3,14], [4,13], [5,12], [6,11], [7,10], [7,9], [8,8], [9,7], [10,6], [11,5], [12,4], [13,3], [14,2], [15,1], [16,0], [17,1], [18,0], [19,1], [20,1], [21,1], [22,1], [23,1], [24,1], [25,1], [26,1], [27,1], [28,2], [29,3], [29,4], [28,3], [29,2], [30,3], [30,4], [1,16], 
# Episode 9
[1,16], [2,15], [3,14], [4,13], [5,12], [6,12], [7,12], [8,11], [9,11], [10,10], [11,9], [12,8], [13,7], [14,6], [15,5], [16,4], [17,3], [17,2], [17,1], [18,0], [19,1], [20,1], [21,1], [22,1], [23,1], [24,1], [25,1], [26,1], [27,1], [28,2], [29,3], [29,4], [28,3], [29,2], [30,3], [30,4], [1,16], 
# Episode 10
[1,16], [2,15], [3,14], [4,13], [5,12], [6,12], [7,11], [8,10], [9,9], [10,9], [11,8], [12,7], [13,6], [14,5], [15,4], [16,3], [17,2], [17,1], [18,0], [19,1], [20,1], [21,1], [22,1], [23,1], [24,1], [25,1], [26,1], [27,1], [28,2], [29,3], [29,4], [28,3], [29,2], [30,3], [30,4], [1,16], 
# Episode 11
[1,16], [2,15], [3,14], [4,13], [5,12], [6,12], [7,12], [8,12], [9,12], [10,11], [11,11], [12,10], [13,9], [14,8], [15,7], [16,6], [17,5], [17,4], [17,3], [17,2], [17,1], [18,0], [19,1], [20,1], [21,1], [22,1], [23,1], [24,1], [25,1], [26,1], [27,1], [28,2], [29,3], [29,4], [28,3], [29,2], [30,3], [30,4], [1,16], 
# Episode 12
[1,16], [2,15], [3,14], [4,13], [5,12], [6,11], [7,10], [8,9], [9,8], [10,7], [11,7], [12,7], [13,6], [14,5], [15,4], [16,3], [17,2], [17,1], [18,0], [19,1], [20,1], [21,1], [22,1], [23,1], [24,1], [25,1], [26,1], [27,1], [28,2], [29,3], [29,4], [28,3], [29,2], [30,3], [30,4], [1,16], 
# Episode 13
[1,16], [2,15], [3,14], [4,13], [5,12], [6,11], [7,10], [8,9], [9,8], [10,8], [11,7], [11,6], [11,5], [12,4], [13,3], [14,2], [15,1], [16,0], [17,1], [18,0], [19,1], [20,1], [21,1], [22,1], [23,1], [24,1], [25,1], [26,1], [27,1], [28,2], [29,3], [29,4], [28,3], [29,2], [30,3], [30,4], [1,16], 
# Episode 14
[1,16], [2,15], [3,14], [4,13], [5,12], [6,11], [7,10], [8,9], [9,8], [10,8], [11,7], [11,6], [11,5], [12,4], [13,3], [14,2], [15,1], [16,0], [17,1], [18,0], [19,1], [20,1], [21,1], [22,1], [23,1], [24,1], [25,1], [26,1], [27,1], [28,2], [29,3], [29,4], [28,3], [29,2], [30,3], [30,4], [1,16], 
# Episode 15
[1,16], [2,15], [3,14], [4,13], [5,12], [6,11], [7,10], [8,9], [9,8], [10,8], [11,7], [11,6], [11,5], [12,4], [13,3], [14,2], [15,1], [16,0], [17,1], [18,0], [19,1], [20,1], [21,1], [22,1], [23,1], [24,1], [25,1], [26,1], [27,1], [28,2], [29,3], [29,4], [28,3], [29,2], [30,3], [30,4], [1,16], 
# Episode 16
[1,16], [2,15], [3,14], [4,13], [5,12], [6,11], [7,10], [8,9], [9,8], [10,8], [11,7], [11,6], [11,5], [12,4], [13,3], [14,2], [15,1], [16,0], [17,1], [18,0], [19,1], [20,1], [21,1], [22,1], [23,1], [24,1], [25,1], [26,1], [27,1], [28,2], [29,3], [29,4], [28,3], [29,2], [30,3], [30,4], [1,16], 
# Episode 17
[1,16], [2,15], [3,14], [4,13], [5,12], [6,11], [7,10], [8,9], [9,8], [10,8], [11,7], [11,6], [11,5], [12,4], [13,3], [14,2], [15,1], [16,0], [17,1], [18,0], [19,1], [20,1], [21,1], [22,1], [23,1], [24,1], [25,1], [26,1], [27,1], [28,2], [29,3], [29,4], [28,3], [29,2], [30,3], [30,4], [1,16], 
# Episode 18
[1,16], [2,15], [3,14], [4,13], [5,12], [6,11], [7,10], [8,9], [9,8], [10,8], [11,7], [11,6], [11,5], [12,4], [13,3], [14,2], [15,1], [16,0], [17,1], [18,0], [19,1], [20,1], [21,1], [22,1], [23,1], [24,1], [25,1], [26,1], [27,1], [28,2], [29,3], [29,4], [28,3], [29,2], [30,3], [30,4], [1,16], 
# Episode 19
[1,16], [2,15], [3,14], [4,13], [5,12], [6,11], [7,10], [8,9], [9,8], [10,8], [11,7], [12,7], [13,6], [14,5], [15,4], [16,3], [17,2], [17,1], [18,0], [19,1], [20,1], [21,1], [22,1], [23,1], [24,1], [25,1], [26,1], [27,1], [28,2], [29,3], [29,4], [28,3], [29,2], [30,3], [30,4], [1,16], 
# Episode 20
[1,16], [2,15], [3,14], [4,13], [5,12], [6,11], [7,10], [7,9], [8,8], [9,7], [10,6], [11,5], [12,4], [13,3], [14,2], [15,1], [16,0], [17,1], [18,0], [19,1], [20,1], [21,1], [22,1], [23,1], [24,1], [25,1], [26,1], [27,1], [28,2], [29,3], [29,4], [28,3], [29,2], [30,3], [30,4], [1,16], 
