# Episode 1
[1,16], [2,15], [3,14], [4,13], [5,12], [6,11], [7,10], [8,9], [9,8], [10,7], [11,6], [12,5], [13,4], [14,3], [15,2], [16,1], [17,2], [18,1], [19,2], [20,1], [21,2], [22,3], [23,4], [24,5], [25,6], [26,7], [27,8], [28,7], [29,7], [29,6], [29,5], [29,4], [29,3], [29,2], [30,2], [31,2], [1,16], 
# Episode 2
[1,16], [2,15], [3,14], [4,13], [5,12], [6,11], [7,10], [8,9], [9,8], [10,7], [11,6], [12,5], [13,4], [14,3], [15,2], [16,1], [17,2], [18,1], [19,2], [20,1], [21,2], [22,3], [23,4], [24,5], [25,6], [26,7], [27,8], [28,7], [29,7], [29,6], [29,5], [29,4], [29,3], [29,2], [30,2], [31,2], [1,16], 
# Episode 3
[1,16], [2,15], [3,14], [4,13], [5,12], [6,11], [7,10], [8,9], [9,8], [10,7], [11,6], [12,5], [13,4], [14,3], [15,2], [16,1], [17,2], [18,1], [19,2], [20,1], [21,2], [22,3], [23,4], [24,5], [25,6], [26,7], [27,6], [28,6], [28,5], [28,4], [28,3], [29,3], [29,2], [30,2], [31,2], [1,16], 
# Episode 4
[1,16], [2,15], [3,14], [4,13], [5,12], [6,11], [7,10], [8,9], [9,8], [10,7], [11,6], [12,5], [13,4], [14,3], [15,2], [16,1], [17,2], [18,1], [19,2], [20,1], [21,2], [22,3], [23,4], [24,5], [25,6], [26,7], [27,8], [28,7], [29,7], [29,6], [29,5], [29,4], [29,3], [29,2], [30,2], [31,2], [1,16], 
# Episode 5
[1,16], [2,15], [3,14], [4,13], [5,12], [6,11], [7,10], [8,9], [9,8], [10,7], [11,6], [12,5], [13,4], [14,3], [15,2], [16,1], [17,2], [18,1], [19,2], [20,1], [21,2], [22,3], [23,4], [24,5], [25,6], [26,7], [27,8], [28,7], [29,7], [29,6], [29,5], [29,4], [29,3], [29,2], [30,2], [31,2], [1,16], 
# Episode 6
[1,16], [2,15], [3,14], [4,13], [5,12], [6,11], [7,10], [8,9], [9,8], [10,7], [11,6], [12,5], [13,4], [14,3], [15,2], [16,1], [17,2], [18,1], [19,2], [20,1], [21,2], [22,3], [23,4], [24,5], [25,6], [26,7], [27,8], [28,7], [29,7], [29,6], [29,5], [29,4], [29,3], [29,2], [30,2], [31,2], [1,16], 
# Episode 7
[1,16], [2,15], [3,14], [4,13], [5,12], [6,11], [7,10], [8,9], [9,8], [10,7], [11,6], [12,5], [13,4], [14,3], [15,2], [16,1], [17,2], [18,1], [19,2], [20,1], [21,2], [22,3], [23,4], [24,5], [25,6], [26,7], [27,8], [28,7], [29,7], [29,6], [29,5], [29,4], [29,3], [29,2], [30,2], [31,2], [1,16], 
# Episode 8
[1,16], [2,15], [3,14], [4,13], [5,12], [6,11], [7,10], [8,9], [9,8], [10,7], [11,7], [12,6], [13,5], [14,4], [15,3], [16,2], [17,1], [18,2], [19,1], [20,2], [21,3], [22,4], [23,5], [24,6], [25,7], [26,8], [27,7], [28,7], [29,7], [29,6], [29,5], [29,4], [29,3], [29,2], [30,2], [31,2], [1,16], 
# Episode 9
[1,16], [2,15], [3,14], [4,13], [5,12], [6,11], [7,12], [8,12], [9,11], [10,10], [11,10], [12,9], [13,8], [14,7], [15,6], [16,5], [17,4], [18,3], [19,2], [20,1], [21,2], [22,3], [23,4], [24,5], [25,6], [26,7], [27,8], [28,7], [29,7], [29,6], [29,5], [29,4], [29,3], [29,2], [30,2], [31,2], [1,16], 
# Episode 10
[1,16], [2,15], [3,14], [4,13], [5,12], [6,11], [7,12], [8,11], [9,10], [10,9], [11,8], [12,7], [13,6], [14,5], [15,4], [16,3], [17,2], [18,1], [19,2], [20,1], [21,2], [22,3], [23,4], [24,5], [25,6], [26,7], [27,8], [28,7], [29,7], [29,6], [29,5], [29,4], [29,3], [29,2], [30,2], [31,2], [1,16], 
# Episode 11
[1,16], [2,15], [3,14], [4,13], [5,12], [6,11], [7,10], [7,9], [8,8], [9,7], [10,7], [11,6], [12,5], [13,4], [14,3], [15,2], [16,1], [17,2], [18,1], [19,2], [20,1], [21,2], [22,3], [23,4], [24,5], [25,6], [26,7], [27,8], [28,7], [29,7], [29,6], [29,5], [29,4], [29,3], [29,2], [30,2], [31,2], [1,16], 
# Episode 12
[1,16], [2,15], [3,14], [4,13], [5,12], [6,11], [7,10], [8,9], [9,8], [10,7], [11,6], [12,5], [13,4], [14,3], [15,2], [16,1], [17,2], [18,1], [19,2], [20,1], [21,2], [22,3], [23,4], [24,5], [25,6], [26,7], [27,8], [28,7], [29,7], [29,6], [29,5], [29,4], [29,3], [29,2], [30,2], [31,2], [1,16], 
# Episode 13
[1,16], [2,15], [3,14], [4,13], [5,12], [6,11], [7,10], [8,9], [9,8], [10,7], [11,6], [12,5], [13,4], [14,3], [15,2], [16,1], [17,2], [18,1], [19,2], [20,1], [21,2], [22,3], [23,4], [24,5], [25,6], [26,7], [27,8], [28,7], [29,7], [29,6], [29,5], [29,4], [29,3], [29,2], [30,2], [31,2], [1,16], 
# Episode 14
[1,16], [2,15], [3,14], [4,13], [5,12], [6,11], [7,10], [8,9], [9,8], [10,7], [11,6], [12,5], [13,4], [14,3], [15,2], [16,1], [17,2], [18,1], [19,2], [20,1], [21,2], [22,3], [23,4], [24,5], [25,6], [26,7], [27,8], [28,7], [29,7], [29,6], [29,5], [29,4], [29,3], [29,2], [30,2], [31,2], [1,16], 
# Episode 15
[1,16], [2,15], [3,14], [4,13], [5,12], [6,11], [7,10], [8,9], [9,8], [10,7], [11,6], [12,5], [13,4], [14,3], [15,2], [16,1], [17,2], [18,1], [19,2], [20,1], [21,2], [22,3], [23,4], [24,5], [25,6], [26,7], [27,6], [28,6], [28,5], [28,4], [28,3], [29,3], [29,2], [30,2], [31,2], [1,16], 
# Episode 16
[1,16], [2,15], [3,14], [4,13], [5,12], [6,11], [7,10], [8,9], [9,8], [10,7], [11,6], [12,5], [13,4], [14,3], [15,2], [16,1], [17,2], [18,1], [19,2], [20,1], [21,2], [22,3], [23,4], [24,5], [25,6], [26,7], [27,8], [28,7], [29,7], [29,6], [29,5], [29,4], [29,3], [29,2], [30,2], [31,2], [1,16], 
# Episode 17
[1,16], [2,15], [3,14], [4,13], [5,12], [6,11], [7,10], [8,9], [9,8], [10,7], [11,6], [12,5], [13,4], [14,3], [15,2], [16,1], [17,2], [18,1], [19,2], [20,1], [21,2], [22,3], [23,4], [24,5], [25,6], [26,7], [27,8], [28,7], [29,7], [29,6], [29,5], [29,4], [29,3], [29,2], [30,2], [31,2], [1,16], 
# Episode 18
[1,16], [2,15], [3,14], [4,13], [5,12], [6,11], [7,10], [8,9], [9,8], [10,7], [11,6], [12,5], [13,4], [14,3], [15,2], [16,1], [17,2], [18,1], [19,2], [20,1], [21,2], [22,3], [23,4], [24,5], [25,6], [26,7], [27,8], [28,7], [29,7], [29,6], [29,5], [29,4], [29,3], [29,2], [30,2], [31,2], [1,16], 
# Episode 19
[1,16], [2,15], [3,14], [4,13], [5,12], [6,11], [7,10], [8,9], [9,8], [10,7], [11,6], [12,5], [13,4], [14,3], [15,2], [16,1], [17,2], [18,1], [19,2], [20,1], [21,2], [22,3], [23,4], [24,5], [25,6], [26,7], [27,8], [28,7], [29,7], [29,6], [29,5], [29,4], [29,3], [29,2], [30,2], [31,2], [1,16], 
# Episode 20
[1,16], [2,15], [3,14], [4,13], [5,12], [6,11], [7,10], [8,9], [9,8], [10,7], [11,7], [12,6], [13,5], [14,4], [15,3], [16,2], [17,1], [18,2], [19,1], [20,2], [21,3], [22,4], [23,5], [24,6], [25,7], [26,8], [27,7], [28,7], [29,7], [29,6], [29,5], [29,4], [29,3], [29,2], [30,2], [31,2], [1,16], 
