# Episode 1
[1,1], [2,2], [3,2], [4,2], [5,2], [6,2], [7,2], [8,2], [9,2], [10,2], [11,2], [12,2], [13,3], [14,4], [15,5], [16,6], [17,6], [18,6], [18,7], [19,7], [20,7], [21,7], [22,7], [23,7], [24,7], [25,7], [26,7], [27,7], [28,7], [29,8], [30,9], [29,10], [28,11], [29,12], [29,13], [30,14], [29,15], [28,16], [29,17], [30,18], [29,19], [30,20], [29,21], [30,22], [29,23], [29,24], [28,24], [29,25], [28,25], [29,26], [30,27], [31,28], [30,29], [1,1], 
# Episode 2
[1,1], [2,2], [3,2], [4,2], [5,2], [6,2], [7,2], [8,2], [9,2], [10,2], [11,2], [12,2], [13,3], [14,4], [15,5], [16,6], [17,6], [18,6], [18,7], [19,7], [20,7], [21,7], [22,7], [23,7], [24,7], [25,7], [26,7], [27,7], [28,7], [29,8], [30,9], [29,10], [28,11], [29,12], [29,13], [30,14], [29,15], [28,16], [29,17], [30,18], [29,19], [30,20], [29,21], [30,22], [29,23], [29,24], [29,25], [30,26], [31,27], [30,28], [30,29], [1,1], 
# Episode 3
[1,1], [2,2], [3,2], [4,2], [5,2], [6,2], [7,2], [8,2], [9,2], [10,2], [11,2], [12,2], [13,3], [14,4], [15,5], [16,6], [17,6], [18,6], [18,7], [19,7], [20,7], [21,7], [22,7], [23,7], [24,7], [25,7], [26,7], [27,7], [28,7], [29,8], [30,9], [29,10], [28,11], [29,12], [29,13], [30,14], [29,15], [28,16], [29,17], [30,18], [29,19], [30,20], [29,21], [30,22], [29,23], [29,24], [29,25], [30,26], [31,27], [30,28], [30,29], [1,1], 
# Episode 4
[1,1], [2,2], [3,2], [4,2], [5,2], [6,2], [7,2], [8,2], [9,2], [10,2], [11,2], [12,2], [13,3], [14,4], [15,5], [16,6], [17,6], [18,6], [18,7], [19,7], [20,7], [21,7], [22,7], [23,7], [24,7], [25,7], [26,7], [27,7], [28,7], [29,8], [30,9], [29,10], [28,11], [29,12], [29,13], [30,14], [29,15], [28,16], [29,17], [30,18], [29,19], [30,20], [29,21], [30,22], [29,23], [29,24], [29,25], [30,26], [31,27], [30,28], [30,29], [1,1], 
# Episode 5
[1,1], [2,2], [3,2], [4,2], [5,2], [6,2], [7,2], [8,2], [9,2], [10,2], [11,2], [12,2], [13,3], [14,4], [15,5], [16,6], [17,6], [18,6], [18,7], [19,7], [20,7], [21,7], [22,7], [23,7], [24,7], [25,7], [26,7], [27,7], [28,7], [29,8], [30,9], [29,10], [28,11], [29,12], [29,13], [30,14], [29,15], [28,16], [29,17], [30,18], [29,19], [30,20], [29,21], [30,22], [29,23], [29,24], [29,25], [28,25], [29,26], [30,27], [31,28], [30,29], [1,1], 
# Episode 6
[1,1], [2,2], [3,2], [4,2], [5,2], [6,2], [7,2], [8,2], [9,2], [10,2], [11,2], [12,2], [13,3], [14,4], [15,5], [16,6], [17,6], [18,6], [18,7], [19,7], [20,7], [21,7], [22,7], [23,7], [24,7], [25,7], [26,7], [27,7], [28,7], [29,8], [30,9], [29,10], [28,11], [29,12], [29,13], [30,14], [29,15], [28,16], [29,17], [30,18], [29,19], [30,20], [30,21], [31,22], [31,23], [30,24], [31,24], [31,25], [31,26], [30,27], [31,28], [30,29], [1,1], 
# Episode 7
[1,1], [2,2], [3,2], [4,2], [5,2], [6,2], [7,2], [8,2], [9,2], [10,2], [11,2], [12,2], [13,3], [14,4], [15,5], [16,6], [17,6], [18,6], [18,7], [19,7], [20,7], [21,7], [22,7], [23,7], [24,7], [25,7], [26,7], [27,7], [28,7], [29,8], [30,9], [29,10], [28,11], [29,12], [29,13], [30,14], [29,15], [28,16], [29,17], [30,18], [29,19], [30,20], [29,21], [30,22], [29,23], [29,24], [29,25], [30,26], [31,27], [30,28], [30,29], [1,1], 
# Episode 8
[1,1], [2,2], [3,2], [4,2], [5,2], [6,2], [7,2], [8,2], [9,2], [10,2], [11,2], [12,2], [13,3], [14,4], [15,5], [16,6], [17,6], [18,6], [18,7], [19,7], [20,7], [21,7], [22,7], [23,7], [24,7], [25,7], [26,7], [27,7], [28,7], [29,8], [30,9], [29,10], [28,11], [29,12], [29,13], [30,14], [29,15], [28,16], [29,17], [30,18], [29,19], [30,20], [29,21], [30,22], [29,23], [29,24], [29,25], [30,26], [31,27], [30,28], [30,29], [1,1], 
# Episode 9
[1,1], [2,2], [3,2], [4,2], [5,2], [6,2], [7,2], [8,2], [9,2], [10,2], [11,2], [12,2], [13,3], [14,4], [15,5], [16,6], [17,6], [18,6], [18,7], [19,7], [20,7], [21,7], [22,7], [23,7], [24,7], [25,7], [26,7], [27,7], [28,7], [29,8], [30,9], [29,10], [28,11], [29,12], [29,13], [30,14], [29,15], [28,16], [29,17], [30,18], [29,19], [30,20], [29,21], [30,22], [29,23], [29,24], [29,25], [30,26], [31,27], [30,28], [30,29], [1,1], 
# Episode 10
[1,1], [2,2], [3,2], [4,2], [5,2], [6,2], [7,2], [8,2], [9,2], [10,2], [11,2], [12,2], [13,3], [14,4], [15,5], [16,6], [17,6], [18,6], [18,7], [19,7], [20,7], [21,7], [22,7], [23,7], [24,7], [25,7], [26,7], [27,7], [28,7], [29,8], [30,9], [29,10], [28,11], [29,12], [29,13], [30,14], [29,15], [28,16], [29,17], [30,18], [29,19], [30,20], [29,21], [30,22], [29,23], [29,24], [29,25], [30,26], [31,27], [30,28], [30,29], [1,1], 
# Episode 11
[1,1], [2,2], [3,2], [4,2], [5,2], [6,2], [7,2], [8,2], [9,2], [10,2], [11,2], [12,2], [13,3], [14,4], [15,5], [16,6], [17,6], [18,6], [18,7], [19,7], [20,7], [21,7], [22,7], [23,7], [24,7], [25,7], [26,7], [27,7], [28,7], [29,8], [30,9], [29,10], [28,11], [29,12], [29,13], [30,14], [29,15], [28,16], [29,17], [30,18], [29,19], [30,20], [29,21], [30,22], [29,23], [29,24], [28,24], [29,25], [28,25], [29,26], [30,27], [31,28], [30,29], [1,1], 
# Episode 12
[1,1], [2,2], [3,2], [4,2], [5,2], [6,2], [7,2], [8,2], [9,2], [10,2], [11,2], [12,2], [13,3], [14,4], [15,5], [16,6], [17,6], [18,6], [18,7], [19,7], [20,7], [21,7], [22,7], [23,7], [24,7], [25,7], [26,7], [27,7], [28,7], [29,8], [30,9], [29,10], [28,11], [29,12], [29,13], [30,14], [29,15], [28,16], [29,17], [30,18], [29,19], [30,20], [30,21], [31,22], [30,23], [29,24], [30,25], [30,26], [31,27], [30,28], [30,29], [1,1], 
# Episode 13
[1,1], [2,2], [3,2], [4,2], [5,2], [6,2], [7,2], [8,2], [9,2], [10,2], [11,2], [12,2], [13,3], [14,4], [15,5], [16,6], [17,6], [18,6], [18,7], [19,7], [20,7], [21,7], [22,7], [23,7], [24,7], [25,7], [26,7], [27,7], [28,7], [29,8], [30,9], [29,10], [28,11], [29,12], [29,13], [30,14], [29,15], [28,16], [29,17], [30,18], [29,19], [30,20], [29,21], [30,22], [29,23], [29,24], [29,25], [30,26], [31,27], [30,28], [30,29], [1,1], 
# Episode 14
[1,1], [2,2], [3,2], [4,2], [5,2], [6,2], [7,2], [8,2], [9,2], [10,2], [11,2], [12,2], [13,3], [14,4], [15,5], [16,6], [17,6], [18,6], [18,7], [19,7], [20,7], [21,7], [22,7], [23,7], [24,7], [25,7], [26,7], [27,7], [28,7], [29,8], [30,9], [29,10], [28,11], [29,12], [29,13], [30,14], [29,15], [28,16], [29,17], [30,18], [29,19], [30,20], [29,21], [30,22], [29,23], [29,24], [29,25], [30,26], [31,27], [30,28], [30,29], [1,1], 
# Episode 15
[1,1], [2,2], [3,2], [4,2], [5,2], [6,2], [7,2], [8,2], [9,2], [10,2], [11,2], [12,2], [13,3], [14,4], [15,5], [16,6], [17,6], [18,6], [18,7], [19,7], [20,7], [21,7], [22,7], [23,7], [24,7], [25,7], [26,7], [27,7], [28,7], [29,8], [30,9], [29,10], [28,11], [29,12], [29,13], [30,14], [29,15], [28,16], [29,17], [30,18], [29,19], [30,20], [29,21], [30,22], [29,23], [29,24], [29,25], [30,26], [31,27], [30,28], [30,29], [1,1], 
# Episode 16
[1,1], [2,2], [3,2], [4,2], [5,2], [6,2], [7,2], [8,2], [9,2], [10,2], [11,2], [12,2], [13,3], [14,4], [15,5], [16,6], [17,6], [18,6], [18,7], [19,7], [20,7], [21,7], [22,7], [23,7], [24,7], [25,7], [26,7], [27,7], [28,7], [29,8], [30,9], [29,10], [28,11], [29,12], [29,13], [30,14], [29,15], [28,16], [29,17], [30,18], [29,19], [30,20], [29,21], [30,22], [29,23], [29,24], [29,25], [30,26], [31,27], [30,28], [30,29], [1,1], 
# Episode 17
[1,1], [2,2], [3,2], [4,2], [5,2], [6,2], [7,2], [8,2], [9,2], [10,2], [11,2], [12,2], [13,3], [14,4], [15,5], [16,6], [17,6], [18,6], [18,7], [19,7], [20,7], [21,7], [22,7], [23,7], [24,7], [25,7], [26,7], [27,7], [28,7], [29,8], [30,9], [29,10], [28,11], [29,12], [29,13], [30,14], [29,15], [28,16], [29,17], [30,18], [29,19], [30,20], [29,21], [30,22], [29,23], [29,24], [28,24], [29,25], [28,25], [29,26], [30,27], [31,28], [30,29], [1,1], 
# Episode 18
[1,1], [2,2], [3,2], [4,2], [5,2], [6,2], [7,2], [8,2], [9,2], [10,2], [11,2], [12,2], [13,3], [14,4], [15,5], [16,6], [17,6], [18,6], [18,7], [19,7], [20,7], [21,7], [22,7], [23,7], [24,7], [25,7], [26,7], [27,7], [28,7], [29,8], [30,9], [29,10], [28,11], [29,12], [29,13], [30,14], [29,15], [28,16], [29,17], [30,18], [29,19], [30,20], [30,21], [31,22], [30,23], [29,24], [30,25], [30,26], [31,27], [30,28], [30,29], [1,1], 
# Episode 19
[1,1], [2,2], [3,2], [4,2], [5,2], [6,2], [7,2], [8,2], [9,2], [10,2], [11,2], [12,2], [13,3], [14,4], [15,5], [16,6], [17,6], [18,6], [18,7], [19,7], [20,7], [21,7], [22,7], [23,7], [24,7], [25,7], [26,7], [27,7], [28,7], [29,8], [30,9], [29,10], [28,11], [29,12], [29,13], [30,14], [29,15], [28,16], [29,17], [30,18], [29,19], [30,20], [29,21], [30,22], [29,23], [29,24], [29,25], [30,26], [31,27], [30,28], [30,29], [1,1], 
# Episode 20
[1,1], [2,2], [3,2], [4,2], [5,2], [6,2], [7,2], [8,2], [9,2], [10,2], [11,2], [12,2], [13,3], [14,4], [15,5], [16,6], [17,6], [18,6], [18,7], [19,7], [20,7], [21,7], [22,7], [23,7], [24,7], [25,7], [26,7], [27,7], [28,7], [29,8], [30,9], [29,10], [28,11], [29,12], [29,13], [30,14], [29,15], [28,16], [29,17], [30,18], [29,19], [30,20], [29,21], [30,22], [29,23], [29,24], [29,25], [30,26], [31,27], [30,28], [30,29], [1,1], 
